2.500000000000000139e-02 7.456083070449228956e+01 -5.480458876459368689e+00
4.499999999999999833e-02 1.042426759727874526e+02 -4.408183921664625693e+00
6.500000000000000222e-02 1.275193117835242873e+02 -3.403876388884120807e+00
8.499999999999999223e-02 1.462330748767988666e+02 -2.882126393911669471e+00
1.049999999999999822e-01 1.613591064744514938e+02 -2.813842563325958945e+00
1.249999999999999722e-01 1.735342318240091402e+02 -3.096999966254100123e+00
1.449999999999999900e-01 1.832119353756341127e+02 -3.635497520965464968e+00
1.649999999999999800e-01 1.907310470436104879e+02 -4.354480360898048019e+00
1.849999999999999700e-01 1.963534510126148973e+02 -5.199573326540156692e+00
2.049999999999999600e-01 2.002872341513358947e+02 -6.132513432694627120e+00
2.249999999999999500e-01 2.027017544516935175e+02 -7.126749077279594502e+00
2.449999999999999678e-01 2.037378195881866532e+02 -8.163872642793533529e+00
2.649999999999999578e-01 2.035147120298754544e+02 -9.230986188411762328e+00
2.849999999999999756e-01 2.021351381725405361e+02 -1.031883362896885004e+01
3.049999999999999933e-01 1.996887561176735630e+02 -1.142053230642563300e+01
3.249999999999999556e-01 1.962547385922044327e+02 -1.253072574401501171e+01
3.449999999999999734e-01 1.919036662148340326e+02 -1.364503023818409311e+01
3.649999999999999911e-01 1.866989396258322529e+02 -1.475969298176428168e+01
3.849999999999999534e-01 1.806978645082665196e+02 -1.587137774534235923e+01
