2.500000000000000139e-02 7.275203421013779348e+01 -7.289255370813860324e+00
4.499999999999999833e-02 1.008547994802621730e+02 -7.796060414189907917e+00
6.500000000000000222e-02 1.220558431700167148e+02 -8.867345002391685327e+00
8.499999999999999223e-02 1.391568133526956785e+02 -9.958387918014862450e+00
1.049999999999999822e-01 1.532087063756500243e+02 -1.096424266212741827e+01
1.249999999999999722e-01 1.647361005300945465e+02 -1.189513126016867695e+01
1.449999999999999900e-01 1.740683293623947350e+02 -1.277910353420483602e+01
1.649999999999999800e-01 1.814457634828571599e+02 -1.363976392165135110e+01
1.849999999999999700e-01 1.870593859124234655e+02 -1.449363842673159830e+01
2.049999999999999600e-01 1.910680905422149465e+02 -1.535165704181556734e+01
2.249999999999999500e-01 1.936076522554986354e+02 -1.622085127347445521e+01
2.449999999999999678e-01 1.947961314225985348e+02 -1.710556080838165016e+01
2.649999999999999578e-01 1.947375021580811847e+02 -1.800819606020602137e+01
2.849999999999999756e-01 1.935242519256634637e+02 -1.892971987584593307e+01
3.049999999999999933e-01 1.912393218847440721e+02 -1.986996653935510437e+01
3.249999999999999556e-01 1.879575860696299117e+02 -2.082787826658952923e+01
3.449999999999999734e-01 1.837469985020768775e+02 -2.180169795094125362e+01
3.649999999999999911e-01 1.786695045586298534e+02 -2.278912804896669542e+01
3.849999999999999534e-01 1.727817654079361205e+02 -2.378747684567276366e+01
