-1.000000000000000000e+00 -1.791178216926541111e+00
-9.000000000000000222e-01 -1.530893594591265838e+00
-8.000000000000000444e-01 -1.280607175910311923e+00
-7.000000000000000666e-01 -1.042020702088162665e+00
-6.000000000000000888e-01 -8.172663388193104339e-01
-5.000000000000001110e-01 -6.090623003665349700e-01
-4.000000000000001332e-01 -4.209496864344615119e-01
-3.000000000000001554e-01 -2.576712970597618835e-01
-2.000000000000001776e-01 -1.258143470648391826e-01
-1.000000000000001998e-01 -3.497451957646191545e-02
-2.220446049250313081e-16 0.000000000000000000e+00
9.999999999999964473e-02 -4.547392650028214689e-02
1.999999999999997335e-01 -2.141731444586092437e-01
2.999999999999998224e-01 -5.779560621761490324e-01
3.999999999999996891e-01 -1.231457859135392852e+00
4.999999999999995559e-01 -2.240085350641679796e+00
5.999999999999996447e-01 -3.593468992936301731e+00
6.999999999999997335e-01 -5.231493578672651523e+00
7.999999999999996003e-01 -7.088498642284854157e+00
8.999999999999994671e-01 -9.111201799338896734e+00
