-1.000000000000000000e+00 -1.673993522978911130e+00
-9.000000000000000222e-01 -1.428559057302434709e+00
-8.000000000000000444e-01 -1.193002250853121282e+00
-7.000000000000000666e-01 -9.689381473945370971e-01
-6.000000000000000888e-01 -7.583755396038895924e-01
-5.000000000000001110e-01 -5.638559347542724254e-01
-4.000000000000001332e-01 -3.886643030057612691e-01
-3.000000000000001554e-01 -2.371645610909602908e-01
-2.000000000000001776e-01 -1.153637666386124749e-01
-1.000000000000001998e-01 -3.191643831154422628e-02
-2.220446049250313081e-16 0.000000000000000000e+00
9.999999999999964473e-02 -4.086386875881231617e-02
1.999999999999997335e-01 -1.899725503368649981e-01
2.999999999999998224e-01 -5.037868751950469459e-01
3.999999999999996891e-01 -1.053725139182006387e+00
4.999999999999995559e-01 -1.890415068309026836e+00
5.999999999999996447e-01 -3.009969485125402855e+00
6.999999999999997335e-01 -4.368087202639555855e+00
7.999999999999996003e-01 -5.912376663752901607e+00
8.999999999999994671e-01 -7.598499138372362793e+00
