-1.000000000000000000e+00 -1.515138707427322373e+00
-9.000000000000000222e-01 -1.290729220065598426e+00
-8.000000000000000444e-01 -1.075827488240879148e+00
-7.000000000000000666e-01 -8.719151869024948098e-01
-6.000000000000000888e-01 -6.808206404804426626e-01
-5.000000000000001110e-01 -5.048386210372513005e-01
-4.000000000000001332e-01 -3.469115448667707824e-01
-3.000000000000001554e-01 -2.109160859288081724e-01
-2.000000000000001776e-01 -1.021383169376228750e-01
-1.000000000000001998e-01 -2.809599454936773100e-02
-2.220446049250313081e-16 0.000000000000000000e+00
9.999999999999964473e-02 -3.530653499914038207e-02
1.999999999999997335e-01 -1.616055475467241820e-01
2.999999999999998224e-01 -4.199065081572399549e-01
3.999999999999996891e-01 -8.593378628015493348e-01
4.999999999999995559e-01 -1.515384786035465225e+00
5.999999999999996447e-01 -2.388762665870366675e+00
6.999999999999997335e-01 -3.450897548793385283e+00
7.999999999999996003e-01 -4.664010371951748724e+00
8.999999999999994671e-01 -5.993967324364379401e+00
