-1.000000000000000000e+00 -9.854650992650686447e-01
-9.000000000000000222e-01 -8.409880847832749140e-01
-8.000000000000000444e-01 -7.022213317003722644e-01
-7.000000000000000666e-01 -5.701241535141372552e-01
-6.000000000000000888e-01 -4.459007018002951739e-01
-5.000000000000001110e-01 -3.310901569631230501e-01
-4.000000000000001332e-01 -2.277011568109759132e-01
-3.000000000000001554e-01 -1.384162618657027721e-01
-2.000000000000001776e-01 -6.690719132171629724e-02
-1.000000000000001998e-01 -1.832026902658601131e-02
-2.220446049250313081e-16 0.000000000000000000e+00
9.999999999999964473e-02 -2.246086366862698469e-02
1.999999999999997335e-01 -1.003413445055398867e-01
2.999999999999998224e-01 -2.523729843161977016e-01
3.999999999999996891e-01 -4.986259401740453789e-01
4.999999999999995559e-01 -8.544411946081043041e-01
5.999999999999996447e-01 -1.324618598981846418e+00
6.999999999999997335e-01 -1.902867764197270439e+00
7.999999999999996003e-01 -2.576140804460797629e+00
8.999999999999994671e-01 -3.329479840557143078e+00
