-1.000000000000000000e+00 -1.091587817866965793e+00
-9.000000000000000222e-01 -9.361339181479357840e-01
-8.000000000000000444e-01 -7.859238362656442156e-01
-7.000000000000000666e-01 -6.419595707053824540e-01
-6.000000000000000888e-01 -5.055257231305696486e-01
-5.000000000000001110e-01 -3.783015366216488928e-01
-4.000000000000001332e-01 -2.625327245982336244e-01
-3.000000000000001554e-01 -1.613037138772233092e-01
-2.000000000000001776e-01 -7.898334391414074673e-02
-1.000000000000001998e-01 -2.197547908499064562e-02
-2.220446049250313081e-16 0.000000000000000000e+00
9.999999999999964473e-02 -2.822183132166244945e-02
1.999999999999997335e-01 -1.303540643583351866e-01
2.999999999999998224e-01 -3.413983535675857439e-01
3.999999999999996891e-01 -7.048913222299453274e-01
4.999999999999995559e-01 -1.258697809376248422e+00
5.999999999999996447e-01 -2.017294553335208462e+00
6.999999999999997335e-01 -2.969162351047592630e+00
7.999999999999996003e-01 -4.088517364156141198e+00
8.999999999999994671e-01 -5.346787476930139782e+00
