-1.000000000000000000e+00 5.700000000000000000e+01 -2.893881074921402230e-01
0.000000000000000000e+00 -1.000000000000000000e+00 0.000000000000000000e+00
1.000000000000000000e+00 1.640000000000000000e+02 -6.499216869328536816e-01
2.000000000000000000e+00 2.350000000000000000e+02 -3.606004287189863433e+00
3.000000000000000000e+00 2.330000000000000000e+02 -9.333406555523298564e+00
4.000000000000000000e+00 2.030000000000000000e+02 -1.671624173919974865e+01
5.000000000000000000e+00 1.770000000000000000e+02 -2.482075097165851219e+01
6.000000000000000000e+00 1.570000000000000000e+02 -3.325035899921385152e+01
7.000000000000000000e+00 1.420000000000000000e+02 -4.184454788321843210e+01
8.000000000000000000e+00 1.310000000000000000e+02 -5.053133305223774840e+01
9.000000000000000000e+00 1.230000000000000000e+02 -5.927472127825959092e+01
1.000000000000000000e+01 1.160000000000000000e+02 -6.805500281588088285e+01
1.100000000000000000e+01 1.110000000000000000e+02 -7.686058366380203211e+01
1.200000000000000000e+01 1.060000000000000000e+02 -8.568421786693554054e+01
1.300000000000000000e+01 1.020000000000000000e+02 -9.452117359649362527e+01
1.400000000000000000e+01 9.900000000000000000e+01 -1.033682285172363322e+02
1.500000000000000000e+01 9.700000000000000000e+01 -1.122231166561677185e+02
1.600000000000000000e+01 1.000000000000000000e+00 nan
1.700000000000000000e+01 0.000000000000000000e+00 nan
1.800000000000000000e+01 0.000000000000000000e+00 nan
1.900000000000000000e+01 0.000000000000000000e+00 nan
2.000000000000000000e+01 0.000000000000000000e+00 nan
2.100000000000000000e+01 0.000000000000000000e+00 nan
2.200000000000000000e+01 0.000000000000000000e+00 nan
2.300000000000000000e+01 0.000000000000000000e+00 nan
2.400000000000000000e+01 0.000000000000000000e+00 nan
2.500000000000000000e+01 0.000000000000000000e+00 nan
2.600000000000000000e+01 0.000000000000000000e+00 nan
2.700000000000000000e+01 0.000000000000000000e+00 nan
2.800000000000000000e+01 0.000000000000000000e+00 nan
2.900000000000000000e+01 0.000000000000000000e+00 nan
3.000000000000000000e+01 0.000000000000000000e+00 nan
3.100000000000000000e+01 0.000000000000000000e+00 nan
3.200000000000000000e+01 0.000000000000000000e+00 nan
3.300000000000000000e+01 0.000000000000000000e+00 nan
3.400000000000000000e+01 0.000000000000000000e+00 nan
3.500000000000000000e+01 0.000000000000000000e+00 nan
3.600000000000000000e+01 0.000000000000000000e+00 nan
3.700000000000000000e+01 0.000000000000000000e+00 nan
