-1.000000000000000000e+00 5.900000000000000000e+01 -3.294247617149821394e-01
0.000000000000000000e+00 -1.000000000000000000e+00 0.000000000000000000e+00
1.000000000000000000e+00 1.900000000000000000e+02 -9.027140227325864963e-01
2.000000000000000000e+00 3.030000000000000000e+02 -6.287393799729469990e+00
3.000000000000000000e+00 2.770000000000000000e+02 -1.863591706828210803e+01
4.000000000000000000e+00 2.220000000000000000e+02 -3.481247540549866670e+01
5.000000000000000000e+00 1.840000000000000000e+02 -5.240542476984157361e+01
6.000000000000000000e+00 1.570000000000000000e+02 -7.058111316221442166e+01
7.000000000000000000e+00 1.390000000000000000e+02 -8.903824395038513728e+01
8.000000000000000000e+00 1.260000000000000000e+02 -1.076494375103494292e+02
9.000000000000000000e+00 6.000000000000000000e+00 nan
1.000000000000000000e+01 2.000000000000000000e+00 nan
1.100000000000000000e+01 0.000000000000000000e+00 nan
1.200000000000000000e+01 0.000000000000000000e+00 nan
1.300000000000000000e+01 0.000000000000000000e+00 nan
1.400000000000000000e+01 0.000000000000000000e+00 nan
1.500000000000000000e+01 0.000000000000000000e+00 nan
1.600000000000000000e+01 0.000000000000000000e+00 nan
1.700000000000000000e+01 0.000000000000000000e+00 nan
1.800000000000000000e+01 0.000000000000000000e+00 nan
1.900000000000000000e+01 0.000000000000000000e+00 nan
2.000000000000000000e+01 0.000000000000000000e+00 nan
2.100000000000000000e+01 0.000000000000000000e+00 nan
2.200000000000000000e+01 0.000000000000000000e+00 nan
2.300000000000000000e+01 0.000000000000000000e+00 nan
2.400000000000000000e+01 0.000000000000000000e+00 nan
2.500000000000000000e+01 0.000000000000000000e+00 nan
2.600000000000000000e+01 0.000000000000000000e+00 nan
2.700000000000000000e+01 0.000000000000000000e+00 nan
2.800000000000000000e+01 0.000000000000000000e+00 nan
2.900000000000000000e+01 0.000000000000000000e+00 nan
3.000000000000000000e+01 0.000000000000000000e+00 nan
3.100000000000000000e+01 0.000000000000000000e+00 nan
3.200000000000000000e+01 0.000000000000000000e+00 nan
3.300000000000000000e+01 0.000000000000000000e+00 nan
3.400000000000000000e+01 0.000000000000000000e+00 nan
3.500000000000000000e+01 0.000000000000000000e+00 nan
3.600000000000000000e+01 0.000000000000000000e+00 nan
3.700000000000000000e+01 0.000000000000000000e+00 nan
