-1.000000000000000000e+00 -2.189566323933487269e-01
-9.000000000000000222e-01 -1.823125189258378576e-01
-8.000000000000000444e-01 -1.481353284846553542e-01
-7.000000000000000666e-01 -1.166771708680707231e-01
-6.000000000000000888e-01 -8.821543393328067084e-02
-5.000000000000001110e-01 -6.306065218530938765e-02
-4.000000000000001332e-01 -4.155214703671027132e-02
-3.000000000000001554e-01 -2.406646115580260079e-02
-2.000000000000001776e-01 -1.101367247562345768e-02
-1.000000000000001998e-01 -2.835170643455492152e-03
-2.220446049250313081e-16 -1.438027691809136195e-32
9.999999999999964473e-02 -2.998953909180822157e-03
1.999999999999997335e-01 -1.233647873732239032e-02
2.999999999999998224e-01 -2.851728984715827531e-02
3.999999999999996891e-01 -5.203454924927786163e-02
4.999999999999995559e-01 -8.335457925359189557e-02
5.999999999999996447e-01 -1.228985942549738475e-01
6.999999999999997335e-01 -1.710330721685695277e-01
7.999999999999996003e-01 -2.280540087505609770e-01
8.999999999999994671e-01 -2.941773708754563676e-01
9.999999999999995559e-01 -3.695405027781311080e-01
