-1.000000000000000000e+00 5.600000000000000000e+01 -2.601880553447926681e-01
0.000000000000000000e+00 -1.000000000000000000e+00 0.000000000000000000e+00
1.000000000000000000e+00 1.500000000000000000e+02 -5.150049540890967448e-01
2.000000000000000000e+00 2.010000000000000000e+02 -2.539924297087353899e+00
3.000000000000000000e+00 2.030000000000000000e+02 -6.062269373696265617e+00
4.000000000000000000e+00 1.850000000000000000e+02 -1.046441522426618143e+01
5.000000000000000000e+00 1.660000000000000000e+02 -1.528376932109384079e+01
6.000000000000000000e+00 1.510000000000000000e+02 -2.030537734177002918e+01
7.000000000000000000e+00 1.400000000000000000e+02 -2.543441325374238815e+01
8.000000000000000000e+00 1.310000000000000000e+02 -3.062582293028540192e+01
9.000000000000000000e+00 1.240000000000000000e+02 -3.585620103098267464e+01
1.000000000000000000e+01 1.180000000000000000e+02 -4.111238350149779563e+01
1.100000000000000000e+01 1.140000000000000000e+02 -4.638647429022803692e+01
1.200000000000000000e+01 1.100000000000000000e+02 -5.167346194123608427e+01
1.300000000000000000e+01 1.070000000000000000e+02 -5.697003805827567646e+01
1.400000000000000000e+01 1.040000000000000000e+02 -6.227392333321903806e+01
1.500000000000000000e+01 1.020000000000000000e+02 -6.758351004248660843e+01
1.600000000000000000e+01 1.000000000000000000e+02 -7.289762096825737103e+01
1.700000000000000000e+01 9.800000000000000000e+01 -7.821538300084174011e+01
1.800000000000000000e+01 9.700000000000000000e+01 -8.353613780602672989e+01
1.900000000000000000e+01 9.500000000000000000e+01 -8.885936410448957190e+01
2.000000000000000000e+01 9.400000000000000000e+01 -9.418466931061162484e+01
2.100000000000000000e+01 9.300000000000000000e+01 -9.951172915078592496e+01
2.200000000000000000e+01 9.200000000000000000e+01 -1.048402863130730935e+02
2.300000000000000000e+01 0.000000000000000000e+00 nan
2.400000000000000000e+01 0.000000000000000000e+00 nan
2.500000000000000000e+01 0.000000000000000000e+00 nan
2.600000000000000000e+01 0.000000000000000000e+00 nan
2.700000000000000000e+01 0.000000000000000000e+00 nan
2.800000000000000000e+01 0.000000000000000000e+00 nan
2.900000000000000000e+01 0.000000000000000000e+00 nan
3.000000000000000000e+01 0.000000000000000000e+00 nan
3.100000000000000000e+01 0.000000000000000000e+00 nan
3.200000000000000000e+01 0.000000000000000000e+00 nan
3.300000000000000000e+01 0.000000000000000000e+00 nan
3.400000000000000000e+01 0.000000000000000000e+00 nan
3.500000000000000000e+01 0.000000000000000000e+00 nan
3.600000000000000000e+01 0.000000000000000000e+00 nan
3.700000000000000000e+01 0.000000000000000000e+00 nan
