-1.000000000000000000e+00 -5.615256169684973431e-01
-9.000000000000000222e-01 -4.719215355771437803e-01
-8.000000000000000444e-01 -3.875182813069183441e-01
-7.000000000000000666e-01 -3.088975632912629443e-01
-6.000000000000000888e-01 -2.367454084971865880e-01
-5.000000000000001110e-01 -1.718782561138363640e-01
-4.000000000000001332e-01 -1.152781987792083074e-01
-3.000000000000001554e-01 -6.813486630235407460e-02
-2.000000000000001776e-01 -3.191400848994285777e-02
-1.000000000000001998e-01 -8.437081484838477446e-03
-2.220446049250313081e-16 -4.414131384226743937e-32
9.999999999999964473e-02 -9.540558694443715404e-03
1.999999999999997335e-01 -4.087513056703525466e-02
2.999999999999998224e-01 -9.904823511433127892e-02
3.999999999999996891e-01 -1.908658771790648911e-01
4.999999999999995559e-01 -3.257287926125893573e-01
5.999999999999996447e-01 -5.170440079956492019e-01
6.999999999999997335e-01 -7.847724369836084346e-01
7.999999999999996003e-01 -1.160639238343846191e+00
8.999999999999994671e-01 -1.700540672776827966e+00
9.999999999999995559e-01 -2.522499115365512523e+00
