-1.000000000000000000e+00 5.300000000000000000e+01 -2.189570268304223688e-01
0.000000000000000000e+00 -1.000000000000000000e+00 0.000000000000000000e+00
1.000000000000000000e+00 1.340000000000000000e+02 -3.695408462326861265e-01
2.000000000000000000e+00 1.670000000000000000e+02 -1.609566799847157226e+00
3.000000000000000000e+00 1.680000000000000000e+02 -3.524195148418391099e+00
4.000000000000000000e+00 1.580000000000000000e+02 -5.804191373698893486e+00
5.000000000000000000e+00 1.470000000000000000e+02 -8.266455110819732610e+00
6.000000000000000000e+00 1.380000000000000000e+02 -1.082405289035604312e+01
7.000000000000000000e+00 1.310000000000000000e+02 -1.343558559257512286e+01
8.000000000000000000e+00 1.250000000000000000e+02 -1.607996117539091685e+01
9.000000000000000000e+00 1.200000000000000000e+02 -1.874560463782745501e+01
1.000000000000000000e+01 1.160000000000000000e+02 -2.142572640265010975e+01
1.100000000000000000e+01 1.130000000000000000e+02 -2.411611399937482858e+01
1.200000000000000000e+01 1.100000000000000000e+02 -2.681402490134080452e+01
1.300000000000000000e+01 1.080000000000000000e+02 -2.951761035474740424e+01
1.400000000000000000e+01 1.060000000000000000e+02 -3.222557199175492570e+01
1.500000000000000000e+01 1.040000000000000000e+02 -3.493697873558319600e+01
1.600000000000000000e+01 1.030000000000000000e+02 -3.765114855900124979e+01
1.700000000000000000e+01 1.010000000000000000e+02 -4.036755769530056881e+01
1.800000000000000000e+01 1.000000000000000000e+02 -4.308581854938160660e+01
1.900000000000000000e+01 9.900000000000000000e+01 -4.580561910605334219e+01
2.000000000000000000e+01 9.800000000000000000e+01 -4.852671594537373068e+01
2.100000000000000000e+01 9.800000000000000000e+01 -5.124891840954843758e+01
2.200000000000000000e+01 9.700000000000000000e+01 -5.397206050659671206e+01
2.300000000000000000e+01 9.600000000000000000e+01 -5.669601713931879061e+01
2.400000000000000000e+01 9.600000000000000000e+01 -5.942068598097274901e+01
2.500000000000000000e+01 9.500000000000000000e+01 -6.214596977622599638e+01
2.600000000000000000e+01 9.500000000000000000e+01 -6.487180233416121666e+01
2.700000000000000000e+01 9.400000000000000000e+01 -6.759811208206679112e+01
2.800000000000000000e+01 9.400000000000000000e+01 -7.032485385287878898e+01
2.900000000000000000e+01 9.300000000000000000e+01 -7.305197286797626077e+01
3.000000000000000000e+01 9.300000000000000000e+01 -7.577943839153161321e+01
3.100000000000000000e+01 9.300000000000000000e+01 -7.850721149455604575e+01
3.200000000000000000e+01 9.300000000000000000e+01 -8.123526227709746195e+01
3.300000000000000000e+01 9.200000000000000000e+01 -8.396356029196158488e+01
3.400000000000000000e+01 9.200000000000000000e+01 -8.669209130946263997e+01
3.500000000000000000e+01 9.200000000000000000e+01 -8.942083060838521646e+01
3.600000000000000000e+01 9.200000000000000000e+01 -9.214976025334669885e+01
3.700000000000000000e+01 0.000000000000000000e+00 nan
