-1.000000000000000000e+00 -5.048386210372513005e-01
-9.000000000000000222e-01 -4.234021866648625121e-01
-8.000000000000000444e-01 -3.469115448668560475e-01
-7.000000000000000666e-01 -2.758824232161209977e-01
-6.000000000000000888e-01 -2.109160859287442236e-01
-5.000000000000001110e-01 -1.527204887336566230e-01
-4.000000000000001332e-01 -1.021383169376690603e-01
-3.000000000000001554e-01 -6.018442247208355411e-02
-2.000000000000001776e-01 -2.809599454942457442e-02
-1.000000000000001998e-01 -7.399639806560998068e-03
-2.220446049250313081e-16 0.000000000000000000e+00
9.999999999999964473e-02 -8.293551880974803225e-03
1.999999999999997335e-01 -3.530653499916880378e-02
2.999999999999998224e-01 -8.484334964945361435e-02
3.999999999999996891e-01 -1.616055475467490510e-01
4.999999999999995559e-01 -2.711993222146418248e-01
5.999999999999996447e-01 -4.199065081572399549e-01
6.999999999999997335e-01 -6.141025935970461092e-01
7.999999999999996003e-01 -8.593378628014995968e-01
8.999999999999994671e-01 -1.159343329233166742e+00
9.999999999999995559e-01 -1.515384786035493647e+00
