-1.000000000000000000e+00 -3.783015366216417874e-01
-9.000000000000000222e-01 -3.188162248707882007e-01
-8.000000000000000444e-01 -2.625327245982402857e-01
-7.000000000000000666e-01 -2.098646720266090782e-01
-6.000000000000000888e-01 -1.613037138772299706e-01
-5.000000000000001110e-01 -1.174391165847055163e-01
-4.000000000000001332e-01 -7.898334391412653588e-02
-3.000000000000001554e-01 -4.680555239199035711e-02
-2.000000000000001776e-01 -2.197547908499064562e-02
-1.000000000000001998e-01 -5.820660241327768603e-03
-2.220446049250313081e-16 0.000000000000000000e+00
9.999999999999964473e-02 -6.595680106288526190e-03
1.999999999999997335e-01 -2.822183132165489994e-02
2.999999999999998224e-01 -6.813987667608234489e-02
3.999999999999996891e-01 -1.303540643583420700e-01
4.999999999999995559e-01 -2.196356212336838531e-01
5.999999999999996447e-01 -3.413983535675857439e-01
6.999999999999997335e-01 -5.013481590039270408e-01
7.999999999999996003e-01 -7.048913222299379999e-01
8.999999999999994671e-01 -9.564178911470184730e-01
9.999999999999995559e-01 -1.258697809376230214e+00
