-1.000000000000000000e+00 -2.480485393091668711e-01
-8.000000000000000444e-01 -1.642905147419147227e-01
-6.000000000000000888e-01 -9.598473630919744648e-02
-4.000000000000001332e-01 -4.438390233959645104e-02
-2.000000000000001776e-01 -1.137045035421560199e-02
-2.220446049250313081e-16 -5.205660244349072757e-33
1.999999999999997335e-01 -1.246017090433037926e-02
3.999999999999996891e-01 -5.408381944552193010e-02
5.999999999999996447e-01 -1.295104839935818652e-01
7.999999999999996003e-01 -2.449358294364500643e-01
9.999999999999995559e-01 -4.079316182348486919e-01
