-1.000000000000000000e+00 -6.977884350014389447e-01
-9.000000000000000222e-01 -5.895329154750643674e-01
-8.000000000000000444e-01 -4.868689002199344529e-01
-7.000000000000000666e-01 -3.904779674212046636e-01
-6.000000000000000888e-01 -3.012086798584761027e-01
-5.000000000000001110e-01 -2.201298605621033744e-01
-4.000000000000001332e-01 -1.485991248235425388e-01
-3.000000000000001554e-01 -8.834681455329729260e-02
-2.000000000000001776e-01 -4.156931091696058900e-02
-1.000000000000001998e-01 -1.101221114067829632e-02
-2.220446049250313081e-16 0.000000000000000000e+00
9.999999999999964473e-02 -1.233813298510444412e-02
1.999999999999997335e-01 -5.199872901145807802e-02
2.999999999999998224e-01 -1.225510711036270628e-01
3.999999999999996891e-01 -2.264477349667344264e-01
4.999999999999995559e-01 -3.644515264244012620e-01
5.999999999999996447e-01 -5.354959768223177541e-01
6.999999999999997335e-01 -7.370346366812974281e-01
7.999999999999996003e-01 -9.656597054824858084e-01
8.999999999999994671e-01 -1.217702562471398409e+00
