-1.000000000000000000e+00 -3.767449840304525899e-01
-9.000000000000000222e-01 -3.177298695152890873e-01
-8.000000000000000444e-01 -2.618167937741079920e-01
-7.000000000000000666e-01 -2.094258262433811857e-01
-6.000000000000000888e-01 -1.610599465322118118e-01
-5.000000000000001110e-01 -1.173214415457297238e-01
-4.000000000000001332e-01 -7.893772475069053829e-02
-3.000000000000001554e-01 -4.679459885973256961e-02
-2.000000000000001776e-01 -2.197515579690998561e-02
-1.000000000000001998e-01 -5.821937226276276481e-03
-2.220446049250313081e-16 -3.049961577269030465e-32
9.999999999999964473e-02 -6.594303037476126512e-03
1.999999999999997335e-01 -2.822494201470596500e-02
2.999999999999998224e-01 -6.819373375296935991e-02
3.999999999999996891e-01 -1.306704743550005376e-01
4.999999999999995559e-01 -2.209048245576542835e-01
5.999999999999996447e-01 -3.454832048426492164e-01
6.999999999999997335e-01 -5.126201779590200402e-01
7.999999999999996003e-01 -7.324892924511137160e-01
8.999999999999994671e-01 -1.017633363427568938e+00
9.999999999999995559e-01 -1.383460141116126918e+00
