-1.000000000000000000e+00 -4.197488965446488085e-01
-9.000000000000000222e-01 -3.518063924112377894e-01
-8.000000000000000444e-01 -2.880038183684775488e-01
-7.000000000000000666e-01 -2.287835159824548603e-01
-6.000000000000000888e-01 -1.746610574764358714e-01
-5.000000000000001110e-01 -1.262420304892266087e-01
-4.000000000000001332e-01 -8.423729813060688854e-02
-3.000000000000001554e-01 -4.949506393724045772e-02
-2.000000000000001776e-01 -2.302393426705385063e-02
-1.000000000000001998e-01 -6.037575839643857800e-03
-2.220446049250313081e-16 -3.128443917282731568e-32
9.999999999999964473e-02 -6.684462709781770207e-03
1.999999999999997335e-01 -2.824832002241414730e-02
2.999999999999998224e-01 -6.732645551799695816e-02
3.999999999999996891e-01 -1.271444058536993216e-01
4.999999999999995559e-01 -2.116647574825366862e-01
5.999999999999996447e-01 -3.257804946058580065e-01
6.999999999999997335e-01 -4.755812966139179587e-01
7.999999999999996003e-01 -6.687489966728970003e-01
8.999999999999994671e-01 -9.151535686636992351e-01
9.999999999999995559e-01 -1.227876265453060167e+00
