-1.000000000000000000e+00 5.800000000000000000e+01 -3.116406418083338403e-01
0.000000000000000000e+00 -1.000000000000000000e+00 0.000000000000000000e+00
1.000000000000000000e+00 1.770000000000000000e+02 -7.783696486590421237e-01
2.000000000000000000e+00 2.690000000000000000e+02 -4.843197849626982965e+00
3.000000000000000000e+00 2.580000000000000000e+02 -1.348550152787591472e+01
4.000000000000000000e+00 2.150000000000000000e+02 -2.478492341104698937e+01
5.000000000000000000e+00 1.820000000000000000e+02 -3.714497895016214102e+01
6.000000000000000000e+00 1.580000000000000000e+02 -4.995728077106150522e+01
7.000000000000000000e+00 1.410000000000000000e+02 -6.299172909787009900e+01
8.000000000000000000e+00 1.290000000000000000e+02 -7.614892735461494055e+01
9.000000000000000000e+00 1.200000000000000000e+02 -8.938027954789380658e+01
1.000000000000000000e+01 1.120000000000000000e+02 -1.026595683179573513e+02
1.100000000000000000e+01 1.060000000000000000e+02 -1.159715280441801610e+02
1.200000000000000000e+01 3.000000000000000000e+00 nan
1.300000000000000000e+01 0.000000000000000000e+00 nan
1.400000000000000000e+01 0.000000000000000000e+00 nan
1.500000000000000000e+01 0.000000000000000000e+00 nan
1.600000000000000000e+01 0.000000000000000000e+00 nan
1.700000000000000000e+01 0.000000000000000000e+00 nan
1.800000000000000000e+01 0.000000000000000000e+00 nan
1.900000000000000000e+01 0.000000000000000000e+00 nan
2.000000000000000000e+01 0.000000000000000000e+00 nan
2.100000000000000000e+01 0.000000000000000000e+00 nan
2.200000000000000000e+01 0.000000000000000000e+00 nan
2.300000000000000000e+01 0.000000000000000000e+00 nan
2.400000000000000000e+01 0.000000000000000000e+00 nan
2.500000000000000000e+01 0.000000000000000000e+00 nan
2.600000000000000000e+01 0.000000000000000000e+00 nan
2.700000000000000000e+01 0.000000000000000000e+00 nan
2.800000000000000000e+01 0.000000000000000000e+00 nan
2.900000000000000000e+01 0.000000000000000000e+00 nan
3.000000000000000000e+01 0.000000000000000000e+00 nan
3.100000000000000000e+01 0.000000000000000000e+00 nan
3.200000000000000000e+01 0.000000000000000000e+00 nan
3.300000000000000000e+01 0.000000000000000000e+00 nan
3.400000000000000000e+01 0.000000000000000000e+00 nan
3.500000000000000000e+01 0.000000000000000000e+00 nan
3.600000000000000000e+01 0.000000000000000000e+00 nan
3.700000000000000000e+01 0.000000000000000000e+00 nan
