-1.000000000000000000e+00 -3.294242295115609176e-01
-9.000000000000000222e-01 -2.766805317268667408e-01
-8.000000000000000444e-01 -2.269669479255767841e-01
-7.000000000000000666e-01 -1.806549102583552835e-01
-6.000000000000000888e-01 -1.381797087853049444e-01
-5.000000000000001110e-01 -1.000494579558824648e-01
-4.000000000000001332e-01 -6.686634013422641798e-02
-3.000000000000001554e-01 -3.934165185257745140e-02
-2.000000000000001776e-01 -1.832050490361478157e-02
-1.000000000000001998e-01 -4.807854951940316798e-03
-2.220446049250313081e-16 -2.491603082338687294e-32
9.999999999999964473e-02 -5.321255216961777099e-03
1.999999999999997335e-01 -2.246194034514351415e-02
2.999999999999998224e-01 -5.341822958492572354e-02
3.999999999999996891e-01 -1.005303318205903462e-01
4.999999999999995559e-01 -1.665161064599523510e-01
5.999999999999996447e-01 -2.544917240285859972e-01
6.999999999999997335e-01 -3.679812406320869811e-01
7.999999999999996003e-01 -5.109118059891738506e-01
8.999999999999994671e-01 -6.875973656994035510e-01
9.999999999999995559e-01 -9.027141311467489215e-01
