-1.000000000000000000e+00 -6.068582038476765250e-01
-9.000000000000000222e-01 -5.106232785078778091e-01
-8.000000000000000444e-01 -4.198382642629911454e-01
-7.000000000000000666e-01 -3.351330299129164358e-01
-6.000000000000000888e-01 -2.572534591500041934e-01
-5.000000000000001110e-01 -1.870915339797360188e-01
-4.000000000000001332e-01 -1.257254401759256290e-01
-3.000000000000001554e-01 -7.447463895505908316e-02
-2.000000000000001776e-01 -3.497197676683099637e-02
-1.000000000000001998e-01 -9.272355756896350637e-03
-2.220446049250313081e-16 -4.868046285680584344e-32
9.999999999999964473e-02 -1.056507206182502427e-02
1.999999999999997335e-01 -4.548777187073603512e-02
2.999999999999998224e-01 -1.108942545313411771e-01
3.999999999999996891e-01 -2.153062543743163304e-01
4.999999999999995559e-01 -3.709694605861761918e-01
5.999999999999996447e-01 -5.962346951020744967e-01
6.999999999999997335e-01 -9.203368317365908657e-01
7.999999999999996003e-01 -1.394443212280074951e+00
8.999999999999994671e-01 -2.124143261110631009e+00
9.999999999999995559e-01 -3.418872945169951105e+00
