-1.000000000000000000e+00 -6.090623003665669444e-01
-9.000000000000000222e-01 -5.122321231864290780e-01
-8.000000000000000444e-01 -4.209496864344046685e-01
-7.000000000000000666e-01 -3.358479220237917673e-01
-6.000000000000000888e-01 -2.576712970597512253e-01
-5.000000000000001110e-01 -1.873049541955964514e-01
-4.000000000000001332e-01 -1.258143470648249718e-01
-3.000000000000001554e-01 -7.450003173090635755e-02
-2.000000000000001776e-01 -3.497451957648678444e-02
-1.000000000000001998e-01 -9.271273453588690927e-03
-2.220446049250313081e-16 0.000000000000000000e+00
9.999999999999964473e-02 -1.056633818084407039e-02
1.999999999999997335e-01 -4.547392650032122674e-02
2.999999999999998224e-01 -1.107115490248489209e-01
3.999999999999996891e-01 -2.141731444586412181e-01
4.999999999999995559e-01 -3.659281984479711980e-01
5.999999999999996447e-01 -5.779560621761490324e-01
6.999999999999997335e-01 -8.628565761439759285e-01
7.999999999999996003e-01 -1.231457859135378641e+00
8.999999999999994671e-01 -1.690242831577830174e+00
9.999999999999995559e-01 -2.240085350641688677e+00
