-1.000000000000000000e+00 -5.638559347542084765e-01
-9.000000000000000222e-01 -4.736018018038805621e-01
-8.000000000000000444e-01 -3.886643030057932435e-01
-7.000000000000000666e-01 -3.096248995348034327e-01
-6.000000000000000888e-01 -2.371645610909176582e-01
-5.000000000000001110e-01 -1.720891744625809849e-01
-4.000000000000001332e-01 -1.153637666386408966e-01
-3.000000000000001554e-01 -6.815918808791820993e-02
-2.000000000000001776e-01 -3.191643831156909528e-02
-1.000000000000001998e-01 -8.435791373294421192e-03
-2.220446049250313081e-16 0.000000000000000000e+00
9.999999999999964473e-02 -9.541948810738887232e-03
1.999999999999997335e-01 -4.086386875890113402e-02
2.999999999999998224e-01 -9.889991965381739192e-02
3.999999999999996891e-01 -1.899725503369111834e-01
4.999999999999995559e-01 -3.219104884485766149e-01
5.999999999999996447e-01 -5.037868751950469459e-01
6.999999999999997335e-01 -7.450069255363587217e-01
7.999999999999996003e-01 -1.053725139181995729e+00
8.999999999999994671e-01 -1.435121722091476926e+00
9.999999999999995559e-01 -1.890415068309017954e+00
