-1.000000000000000000e+00 -2.201298605621078153e-01
-9.000000000000000222e-01 -1.830726475487387539e-01
-8.000000000000000444e-01 -1.485991248235425388e-01
-7.000000000000000666e-01 -1.169379141307560488e-01
-6.000000000000000888e-01 -8.834681455329729260e-02
-5.000000000000001110e-01 -6.311574106788420124e-02
-4.000000000000001332e-01 -4.156931091695970082e-02
-3.000000000000001554e-01 -2.406869480439821629e-02
-2.000000000000001776e-01 -1.101221114067785223e-02
-1.000000000000001998e-01 -2.833999692736455245e-03
-2.220446049250313081e-16 0.000000000000000000e+00
9.999999999999964473e-02 -3.000434841031296429e-03
1.999999999999997335e-01 -1.233813298510311185e-02
2.999999999999998224e-01 -2.851239279556905259e-02
3.999999999999996891e-01 -5.199872901145830006e-02
4.999999999999995559e-01 -8.322571564889935658e-02
5.999999999999996447e-01 -1.225510711036270628e-01
6.999999999999997335e-01 -1.702398437963106304e-01
7.999999999999996003e-01 -2.264477349667337602e-01
8.999999999999994671e-01 -2.912120464266250153e-01
9.999999999999995559e-01 -3.644515264244008179e-01
