-1.000000000000000000e+00 -3.310901569631177210e-01
-9.000000000000000222e-01 -2.778191275584602771e-01
-8.000000000000000444e-01 -2.277011568109932327e-01
-7.000000000000000666e-01 -1.810940842475625701e-01
-6.000000000000000888e-01 -1.384162618657023280e-01
-5.000000000000001110e-01 -1.001598300388231166e-01
-4.000000000000001332e-01 -6.690719132170919181e-02
-3.000000000000001554e-01 -3.935129672017678715e-02
-2.000000000000001776e-01 -1.832026902658245859e-02
-1.000000000000001998e-01 -4.806553833257343200e-03
-2.220446049250313081e-16 0.000000000000000000e+00
9.999999999999964473e-02 -5.322716719332376556e-03
1.999999999999997335e-01 -2.246086366862298789e-02
2.999999999999998224e-01 -5.338447034362392429e-02
3.999999999999996891e-01 -1.003413445055538755e-01
4.999999999999995559e-01 -1.658069669745185770e-01
5.999999999999996447e-01 -2.523729843161977016e-01
6.999999999999997335e-01 -3.625677807859264412e-01
7.999999999999996003e-01 -4.986259401740451569e-01
8.999999999999994671e-01 -6.622521021669980357e-01
9.999999999999995559e-01 -8.544411946081038600e-01
