-1.000000000000000000e+00 -5.023952379578653371e-01
-9.000000000000000222e-01 -4.216696966429759330e-01
-8.000000000000000444e-01 -3.457498909278367560e-01
-7.000000000000000666e-01 -2.751583633483042357e-01
-6.000000000000000888e-01 -2.105068464974872433e-01
-5.000000000000001110e-01 -1.525189589481848185e-01
-4.000000000000001332e-01 -1.020578139882120094e-01
-3.000000000000001554e-01 -6.016286758888597652e-02
-2.000000000000001776e-01 -2.809439000880659468e-02
-1.000000000000001998e-01 -7.401108160588664754e-03
-2.220446049250313081e-16 -3.855772889296399125e-32
9.999999999999964473e-02 -8.292105511653812336e-03
1.999999999999997335e-01 -3.531429177186451440e-02
2.999999999999998224e-01 -8.495425855817814731e-02
3.999999999999996891e-01 -1.622501002103926560e-01
4.999999999999995559e-01 -2.738297151385792327e-01
5.999999999999996447e-01 -4.285837179993856605e-01
6.999999999999997335e-01 -6.387522289778599927e-01
7.999999999999996003e-01 -9.218496303725154384e-01
8.999999999999994671e-01 -1.304392896252420275e+00
9.999999999999995559e-01 -1.830196033380883991e+00
